34 6
0 -0.00021528767741533887 0.209221786723037 0.023742119347739166 0.558782140192033 1.4426636135916244 2.2271247809377406 0.0 -6.061366604061566e-17 6.428812418648239e-32 1.2514826645319705e-16 -2.8662178975836094e-16 -1.8864340688643735e-16
31 -0.19565625565377542 0.016799215292106425 0.1312802255587062 0.07783612853220852 -0.24851837012933625 0.22472386036659447 0.9040280743418649 0.01053160013863694 -0.27421202404767137 0.17941025949598166 -0.4747666836267297 0.2642884721959533
21 -8.185959086900492e-16 -1.3633905259286833e-15 8.17744311525658e-17 -1.0630892807609288e-16 -1.993876956984322e-16 -4.98520715782477e-18 -0.00022415996235660516 0.17547945269139636 0.013588427573867315 0.24736361938308987 0.27395054938087526 0.19285093832151376
19 -7.691602593946699e-16 -1.3489395619830076e-15 9.641534520519932e-17 -1.1261158797350427e-16 -1.5901740131428782e-16 -2.4658035429632504e-17 -0.00022415996235660516 0.17547945269139636 0.013588427573867379 0.24736361938308973 0.2739505493808748 0.19285093832151365
17 1.0784866629479598e-16 1.8100772524746815e-16 -1.4243830629886866e-17 8.971500108797938e-18 1.7347479328483974e-17 1.2560923824278078e-17 -0.00022415996235660516 0.17547945269139636 0.013588427573867379 0.2473636193830898 0.2739505493808747 0.19285093832151354
13 -2.4393499340958945e-16 -4.32791603979593e-16 3.155422281662316e-17 -3.8262734483816884e-17 -5.438571529086251e-17 -2.329777802862375e-17 0.1696863044562339 0.002841549000844267 0.3135837358520425 -0.3497611450853885 0.7165266153281641 0.96728832214268
12 8.762093899856512e-16 1.461253998808631e-15 -1.1232824271022634e-16 1.2637676753357726e-16 1.9551350869726468e-16 8.971678890280919e-17 0.18883365049180412 -0.08725231550116065 0.29235622126742505 -0.29331618458830727 0.10559736183783326 0.45995409856158265
11 -2.1795214808685989e-16 -3.895154842842216e-16 2.7713370847596387e-17 -4.35444167931897e-17 -1.791839414435806e-17 -8.64802637910854e-18 0.0 0.0 0.0 0.0 0.0 0.0
10 2.86737354004524e-16 4.864800017659186e-16 -3.7350401277288524e-17 4.111508942454695e-17 7.204152645204386e-17 -2.7774248367096665e-17 -0.00044831992471321033 0.35095890538279273 0.027176855147734758 0.4947272387661796 0.5479010987617496 0.3857018766430271
8 -0.19565625565377567 0.016799215292106057 0.13128022555870622 0.07783612853220845 -0.2485183701293363 0.22472386036659456 -0.018923186073213603 -0.08538558818939151 0.007639087010750189 -0.30380857988017107 0.3369787041094561 0.314483285259584
7 5.663366225912174e-16 9.880105516289054e-16 -7.689165303138879e-17 7.501996795708142e-17 1.0328898958506171e-16 -9.197555036250026e-17 0.1696863044562339 0.002841549000844267 0.3135837358520425 -0.3497611450853885 0.7165266153281641 0.9672883221426802
6 8.001871068427223e-16 1.320662880523961e-15 -7.72288504381403e-17 7.141549400883352e-17 1.901859980141215e-16 8.960316251061321e-17 -0.00044831992471321033 0.35095890538279273 0.027176855147734758 0.4947272387661796 0.5479010987617496 0.3857018766430271
5 0.0003995711464551446 -0.7233840712925087 0.04510214579797859 0.3601726916140555 0.1121286411189739 0.033907135394925535 0.0 0.0 0.0 0.0 0.0 0.0
4 0.0003995711464552441 -0.7233840712925084 0.04510214579797859 0.36017269161405546 0.11212864111897394 0.03390713539492568 0.0 0.0 0.0 0.0 0.0 0.0
3 -0.19565625565377576 0.01679921529210583 0.13128022555870625 0.07783612853220845 -0.24851837012933634 0.2247238603665946 -0.019147346035570206 0.09009386450200489 0.02122751458461755 -0.05644496049708129 0.6109292534903309 0.5073342235810975
2 0.199533789803578 -0.0022256738182330708 0.4974665497624114 0.0237018002548243 -1.2184879501561747 1.6799589155636796 -0.00022415996235660516 0.17547945269139636 0.013588427573867379 0.2473636193830898 0.2739505493808748 0.19285093832151354
1 -0.017958915851934956 -0.31102587288461764 -0.010394871144732072 -1.245070644934657 0.3319154703804919 1.4046621519557985 0.0 0.0 0.0 0.0 0.0 0.0
30 -0.1956562556537754 0.016799215292106477 0.1312802255587062 0.07783612853220853 -0.24851837012933628 0.22472386036659456 -0.00022415996235660516 0.17547945269139636 0.013588427573867376 0.2473636193830898 0.2739505493808748 0.19285093832151354
9 2.1126516210580965e-17 3.4520121677783197e-17 -2.010001795801431e-18 1.6697760762539925e-18 4.3854867502790705e-18 -3.173740712855068e-18 -0.018923186073213603 -0.08538558818939151 0.007639087010750191 -0.30380857988017107 0.3369787041094561 0.314483285259584
32 4.767529900624962e-16 7.915066935326112e-16 -4.3322864396865236e-17 5.945157710185387e-17 8.818651344795886e-17 1.0644440113172075e-18 -0.11312521107779008 -0.05179289160237762 -1.152383915940956 -0.18799830355131888 0.37178479472463677 1.1708207571270666
28 -0.31344350368032625 -0.0266407553440372 -0.5282685345878709 -0.005387613709003977 -0.17791934218774655 0.32610743956739185 -0.018923186073213603 -0.08538558818939151 0.007639087010750191 -0.30380857988017107 0.3369787041094561 0.314483285259584
27 4.227953750398984e-16 7.360830894809581e-16 -4.9101696971015184e-17 5.214924231269656e-17 8.853944191087031e-17 2.632738014095679e-18 -0.018923186073213603 -0.08538558818939151 0.007639087010750191 -0.30380857988017107 0.3369787041094561 0.314483285259584
16 -2.1999797621024237e-16 -3.7476002453797126e-16 2.6165361385441296e-17 -3.618513430051123e-17 -4.2417850507697763e-17 -6.501904680039122e-18 0.00038375606053126963 -0.8624810800439877 0.07880385883897806 0.8136122359494607 0.5904858046439474 0.39157404234534904
33 5.721515535658963e-16 9.877184800577668e-16 -8.448107882955447e-17 7.375064724681043e-17 1.3130971814778443e-16 5.1272630678622284e-17 -0.1879121517002784 0.020029478010400514 0.229376855141585 0.17582795155552705 -1.3087340423480052 2.5952068610422865
14 -0.19565625565377623 0.016799215292105103 0.13128022555870625 0.07783612853220842 -0.2485183701293363 0.2247238603665945 0.0 0.0 0.0 0.0 0.0 0.0
15 -0.19565625565377512 0.01679921529210694 0.13128022555870608 0.07783612853220857 -0.24851837012933625 0.2247238603665945 0.0 0.0 0.0 0.0 0.0 0.0
18 -0.19565625565377523 0.016799215292106727 0.13128022555870614 0.07783612853220855 -0.24851837012933622 0.22472386036659442 0.0 0.0 0.0 0.0 0.0 0.0
20 -0.19565625565377603 0.016799215292105416 0.13128022555870625 0.07783612853220845 -0.24851837012933642 0.22472386036659447 0.0 0.0 0.0 0.0 0.0 0.0
22 -0.1956562556537759 0.01679921529210563 0.13128022555870622 0.07783612853220845 -0.2485183701293363 0.2247238603665945 0.0 0.0 0.0 0.0 0.0 0.0
23 0.23652823103441192 0.015790787017102535 -0.42264901086118034 0.2297066004139077 -0.7651105665423176 0.7984403979337807 0.0 0.0 0.0 0.0 0.0 0.0
29 -0.195656255653776 0.016799215292105308 0.13128022555870628 0.07783612853220845 -0.24851837012933645 0.2247238603665945 0.0 0.0 0.0 0.0 0.0 0.0
25 -0.31344350368032514 -0.02664075534403541 -0.5282685345878712 -0.005387613709003861 -0.17791934218774633 0.32610743956739163 0.0 0.0 0.0 0.0 0.0 0.0
24 0.43218448668818565 -0.001008428275006493 -0.5539292364198865 0.1518704718816992 -0.5165921964129818 0.5737165375671863 0.0 0.0 0.0 0.0 0.0 0.0
26 -0.31344350368032536 -0.02664075534403588 -0.528268534587871 -0.005387613709003926 -0.1779193421877464 0.3261074395673919 0.0 0.0 0.0 0.0 0.0 0.0
